size(n)   Band Gap (E/t)                lambda=0.2
15        0.3915833504380193            
16        0.38923626036027714           
17        0.38723376752604677           
18        0.38550958472285              
19        0.3840128617074198            
20        0.38270400370219193           
21        0.3815518051708867            
22        0.3805313857282433            
23        0.37962269445689667           
24        0.3788094191061606            
25        0.37807817211140043           
26        0.37741787680577776           
27        0.37681930015019227           
28        0.37627469263216423           
29        0.37577750810551463           
30        0.375322183869062             
31        0.3749039665530567            
32        0.37451877317827964           
33        0.3741630794569831            
34        0.3738338293761335            
35        0.373528361528748             
36        0.3732443487219753            
37        0.37297974818388024           
38        0.3727327602842464            
39        0.3725017941368237            
40        0.37228543879573184           
41        0.3720824390242462            
42        0.3718916748202782            
43        0.37171214404360514           
44        0.37154294761609624           
45        0.37138327686586703           
46        0.3712324026654817            
47        0.3710896660775116            
48        0.37095447027153083           
49        0.37082627351753317           
50        0.3707045830939299            
51        0.3705889499752719            
52        0.37047896418691406           
53        0.3703742507319424            
54        0.3702744660106282            
55        0.3701792946650041            
56        0.37008844679141484           
57        0.37000165547244607           
58        0.36991867458676536           
59        0.3698392768614069            
60        0.3697632521360614            
61        0.36969040581320367           
62        0.36962055747147454           
63        0.36955353962279824           
64        0.3694891965963207            
