size(n)   Splitting (E/t)               lambda=0.2
15        5.684866e-05                  
16        7.635565e-06                  
17        1.121328e-05                  
18        6.530011e-06                  
19        6.841695e-07                  
20        2.309919e-06                  
21        4.416653e-07                  
22        2.540288e-07                  
23        3.393596e-07                  
24        1.855326e-09                  
25        7.930044e-08                  
26        3.048794e-08                  
27        8.475258e-10                  
28        1.581884e-08                  
29        2.906212e-10                  
30        1.919634e-09                  
31        1.968069e-09                  
32        3.045855e-10                  
33        6.258197e-10                  
34        9.115032e-11                  
35        1.205107e-12                  
36        1.103915e-10                  
37        1.836991e-11                  
38        1.829874e-11                  
39        9.948056e-12                  
40        3.721835e-12                  
41        5.197177e-12                  
42        4.039433e-13                  
43        1.404875e-13                  
44        7.395833e-13                  
45        2.691384e-13                  
46        1.902552e-13                  
47        2.941067e-14                  
48        2.944464e-14                  
49        4.275408e-14                  
50        1.162499e-14                  
51        9.661389e-16                  
52        1.927351e-15                  
53        9.228559e-17                  
54        6.933081e-17                  
55        7.348292e-16                  
56        5.400489e-17                  
57        1.093639e-16                  
58        5.798051e-16                  
59        5.118163e-16                  
60        5.043720e-16                  
61        7.744733e-16                  
62        3.204459e-16                  
63        2.628712e-16                  
64        7.550912e-18                  
