xi=1.7453026541720023
size(n)   Splitting fit (E/t)           lambda=0.2
15        8.183781e-06                  
16        4.614427e-06                  
17        2.601846e-06                  
18        1.467052e-06                  
19        8.271975e-07                  
20        4.664155e-07                  
21        2.629885e-07                  
22        1.482862e-07                  
23        8.361119e-08                  
24        4.714419e-08                  
25        2.658227e-08                  
26        1.498842e-08                  
27        8.451224e-09                  
28        4.765225e-09                  
29        2.686873e-09                  
30        1.514994e-09                  
31        8.542300e-10                  
32        4.816578e-10                  
33        2.715829e-10                  
34        1.531321e-10                  
35        8.634357e-11                  
36        4.868485e-11                  
37        2.745096e-11                  
38        1.547823e-11                  
39        8.727406e-12                  
40        4.920950e-12                  
41        2.774679e-12                  
42        1.564504e-12                  
43        8.821458e-13                  
44        4.973982e-13                  
45        2.804581e-13                  
46        1.581364e-13                  
47        8.916524e-14                  
48        5.027585e-14                  
49        2.834805e-14                  
50        1.598406e-14                  
51        9.012614e-15                  
52        5.081765e-15                  
53        2.865355e-15                  
54        1.615631e-15                  
55        9.109740e-16                  
56        5.136529e-16                  
57        2.896234e-16                  
58        1.633042e-16                  
59        9.207912e-17                  
60        5.191884e-17                  
61        2.927445e-17                  
62        1.650641e-17                  
63        9.307143e-18                  
64        5.247835e-18                  
